1.410533553166520626e+00
1.776008093764351647e+00
2.159547848804136194e+00
2.555046534239300282e+00
2.956661544024734134e+00
3.359059166200959456e+00
3.757560956935025676e+00
4.148207357743199708e+00
4.527759501332357495e+00
4.893659586058956457e+00
5.243966858064803560e+00
5.577282038376619511e+00
5.892669069595627640e+00
6.189579813726433066e+00
6.467784911932398018e+00
6.727312333926473542e+00
6.968394047433596583e+00
7.191420571082110413e+00
7.396902804951261956e+00
7.585440360073458343e+00
7.757695558079545251e+00
7.914372294430368271e+00
8.056199019978118159e+00
8.183915174773558121e+00
8.298260492192138571e+00
8.399966673170668585e+00
8.489751005712779630e+00
8.568311572092719430e+00
8.636323744918939838e+00
8.694437723701751608e+00
8.743276906472054577e+00
8.783436927150992446e+00
8.815485219643225179e+00
8.839960994848425457e+00
8.857375537720336922e+00
8.868212748824403135e+00
8.872929869139928982e+00
8.871958338626173557e+00
8.865704748748047592e+00
8.854551857097064271e+00
8.838859638746535907e+00
8.818966354297311128e+00
8.795189618909883933e+00
8.767827460153526431e+00
8.737159355373654179e+00
8.703447241606724560e+00
8.666936492950334525e+00
8.627856861809076960e+00
8.586423381647513509e+00
8.542837229846863778e+00
8.497286550024364615e+00
8.449947233773558608e+00
8.400983662247533346e+00
8.350549408362745396e+00
8.298787900667214501e+00
8.245833050112505447e+00
8.191809841105689216e+00
8.136834888308943192e+00
8.081016960708302221e+00
8.024457474498321474e+00
7.967250956330728329e+00
7.909485478460066332e+00
7.851243067288839583e+00
7.792600086775531842e+00
7.733627598120818902e+00
7.674391697095320097e+00
7.614953830315006833e+00
7.555371091712935083e+00
7.495696500395951922e+00
7.435979261015944530e+00
7.376265007726216183e+00
7.316596032735782629e+00
7.257011500418235173e+00
7.197547647877737376e+00
7.138237972821803723e+00
7.079113409540691570e+00
7.020202493745741457e+00
6.961531516972128131e+00
6.903124671209857510e+00
6.845004184384141155e+00
6.787190447268748983e+00
6.729702132378365675e+00
6.672556305352236983e+00
6.615768529308049040e+00
6.559352962615112581e+00
6.503322450506674457e+00
6.447688610924606323e+00
6.392461914964127523e+00
6.337651762262595412e+00
6.283266551654248744e+00
6.229313747391994838e+00
6.175799941217642086e+00
6.122730910544145644e+00
6.070111672995861518e+00
6.017946537537635976e+00
5.966239152407640134e+00
5.914992550056105358e+00
5.864209189277944212e+00
5.813890994715983140e+00
5.764039393899774488e+00
