1.000000000000000021e-02
1.191919191919191962e-02
1.383838383838383902e-02
1.575757575757575843e-02
1.767676767676767610e-02
1.959595959595959724e-02
2.151515151515151492e-02
2.343434343434343259e-02
2.535353535353535373e-02
2.727272727272727487e-02
2.919191919191919254e-02
3.111111111111111022e-02
3.303030303030302789e-02
3.494949494949495250e-02
3.686868686868687017e-02
3.878787878787878785e-02
4.070707070707070552e-02
4.262626262626263013e-02
4.454545454545454780e-02
4.646464646464646547e-02
4.838383838383838315e-02
5.030303030303030776e-02
5.222222222222222543e-02
5.414141414141414310e-02
5.606060606060606077e-02
5.797979797979797845e-02
5.989898989898990306e-02
6.181818181818182073e-02
6.373737373737373146e-02
6.565656565656564914e-02
6.757575757575758069e-02
6.949494949494949836e-02
7.141414141414141603e-02
7.333333333333333370e-02
7.525252525252525138e-02
7.717171717171716905e-02
7.909090909090908672e-02
8.101010101010100439e-02
8.292929292929292207e-02
8.484848484848483974e-02
8.676767676767675741e-02
8.868686868686867508e-02
9.060606060606060663e-02
9.252525252525252430e-02
9.444444444444444198e-02
9.636363636363635965e-02
9.828282828282827732e-02
1.002020202020201950e-01
1.021212121212121127e-01
1.040404040404040303e-01
1.059595959595959480e-01
1.078787878787878796e-01
1.097979797979797972e-01
1.117171717171717149e-01
1.136363636363636326e-01
1.155555555555555503e-01
1.174747474747474679e-01
1.193939393939393856e-01
1.213131313131313033e-01
1.232323232323232209e-01
1.251515151515151525e-01
1.270707070707070840e-01
1.289898989898989878e-01
1.309090909090909194e-01
1.328282828282828232e-01
1.347474747474747547e-01
1.366666666666666863e-01
1.385858585858585901e-01
1.405050505050505216e-01
1.424242424242424254e-01
1.443434343434343570e-01
1.462626262626262608e-01
1.481818181818181923e-01
1.501010101010100961e-01
1.520202020202020277e-01
1.539393939393939592e-01
1.558585858585858630e-01
1.577777777777777946e-01
1.596969696969696983e-01
1.616161616161616299e-01
1.635353535353535337e-01
1.654545454545454652e-01
1.673737373737373690e-01
1.692929292929293006e-01
1.712121212121212321e-01
1.731313131313131359e-01
1.750505050505050675e-01
1.769696969696969713e-01
1.788888888888889028e-01
1.808080808080808066e-01
1.827272727272727382e-01
1.846464646464646420e-01
1.865656565656565735e-01
1.884848484848485051e-01
1.904040404040404089e-01
1.923232323232323404e-01
1.942424242424242442e-01
1.961616161616161758e-01
1.980808080808080796e-01
2.000000000000000111e-01
